$ANSIBLE_VAULT;1.1;AES256
64623765346237373736336134326633646537373165616331663733663561306662336633356563
3537613633336335653163636161663234303932396339610a626661396637343431353833343235
33393831653263326461333937303037663961353439636538303032303563393466303334366565
3230333333353130620a636133396465313365346434393938303630393831636466656137386433
34646236613266313934303031383136343662376237333665383933323638613366316533333064
34396536343439643330333634613730386162353031303433653364333861323466623231306137
64636365383035626431366237366330623436376434623036316132383261363437326137316364
31633530306339366330666265383162313463643635343138343864656136363736373030643739
32663439663761373036636530353732326133376337643163613332613135373238343962326562
63326165336464386165616361326438303163346665356138316430313262623638623563343365
39393964343866366563343561616462313964633333653631396433333663656234383965613831
38356334306265383162333237323263326434303634333238333338396635343865363765353666
65343261316334366166363534663139353866616265616564643530353966396664346335376636
35356663363830653539343634626661613365383262626562363530626437376536646161346666
37306435366364336531326532623463626633393632333061386465646435393136343863343335
32346166623165616236
