$ANSIBLE_VAULT;1.1;AES256
37326139386630626435626635633234333362353332336264303261383261633937353133313233
3031636334313734643062626261383534336463623534650a393562363063376335656636383432
38323265633538356238633236366665656361313364393731333632656261346164346362316462
6637363137643434350a383930663532343265633263646438636435343338646637393763356461
37656163653632326237666562626333313035633364303139353061326261663730663334396437
65333735323034653366396337343062353465306634643836663930306131336463366536636566
38613566643766643364333433346336303563366363643165303331663430633035306439356539
33363331343331333837643432343038326433636364666362323961326136383763376135323730
37353462313336313433323265383163363231316361306336396564663839623737333164333162
63626336346234323732663034396265366665353731613939306336623661303462646132323731
31613662646632356231376636396661333937626331363464326137323730646463656131326663
34623639383963353363366535396332393561343839656536613339633037376435653133313936
32643032633361636662333636666638653764353833643962346532393535333065636562386431
63653239643233316336666563613437613236356235373861646438626564653931336635643664
34323138326462366638336336333435306364373434313163623438376539363838633139666266
65373832333263663031323430313765643561636639656364613630303366343865386331643434
31636362386130393964623861313635656566613538373237643733336566343932353763653034
63323632656635313662306239336563613633353839333236653533316135366464323966656234
64323761386639326461363436353738326362396261366265336435643365356330353365653965
62623664656633366564303265306332616664393533633562313266356365316337623036373339
61316437303234623131363662626135633564623434666366396564313236306434346333316236
36643638323664626230316338396261313138393665663132663763373333333561656534316362
32323262333434333466626437346632363639666336656139366539383734323937333063393230
36336661653538653562663761356361643530393161373039656462613863313066343739373035
66383432616231346264663462616138623132333661366532343933396538666133313265396337
35316538313662643866366364313837626161383632393361646666643161613734656635386437
32346534333561333062346162326530623965373338343465323336316166356334663938326465
37383561373739333038356537353664386663623935343731376663353634316435646631356131
34356138386230396634643561393963623266316162656634646531663036646162396365323036
34633462333734653364333032376334333063316639346434373230303362313962366466383062
61616431653466623436616265353231393133663730303335666163326166613639313934313537
30333339373338376532643033623335656135626261353966333536643363616365643335626663
36626635323762623938303535316539373935626264353264616632653731306664613732356539
65386430633637363333636633376364313165666634313566393962316566653234356337333531
35623665663235626437646437643837646431323434303931373030613065303664323031643566
33343035326264363663623631623830316239363839333832343364373863623865623064373737
63646337636139303865373236326362303433333639303737323339396665396537643430643530
36373164616434626434656265356664323333303266336363653639623833356332363063393839
39303432353732643637626633646163633266656330353966626266313533333035376138383163
35636437643430643366623238633766616564656532613935663866613265636538336463356639
62666432373739393739663734613865333932646336373236666636353830396165623565373466
31376164396665363338316531623362353237666331383239616235343739656439396266363365
65633839396662353463623766396633323565373432356135303530666663373030343834653161
64636238613861646534646636333761333139303534393862333437336632643966366163623035
36333962313732623335653866646336323263396537643832613866316535613933333365343437
36373638653331343334616333393533666230663462373634613134396234343731343933343539
37333236646363393930316331626435623135323636633638373437323832633064613862353663
64343564393130363064643730393332626330363362356664626232393331383562386263383435
38323733346431383065663266343133633836353835353432383838643634623634373462316565
36323533326335383333666530636262643836353265346635656239303966356539626433666633
36393263313437386530343338643165313230666137383764636464343964376435353334653131
32313561343836313231613538633561386366313237313063646433383534343164383839366662
32623966373737303139353766303834663166623064616462343266323737313331306535643932
38323039333230666239353463363164323039623163343938373031336635386235653433316464
37646635373863633038393332366639336232616335346136636562663064386132303863393932
33396130373734373933383339623466396565313662373230396234393931333131313661343035
32373666393435363834636337313834383065363730656132346139316339353761376132643162
39316265396535316561393237393765383536323131356565333837346330376661303235643764
64343539333761633039373462393635373636396330663130656363616132643466306232613366
64376563326566326334623166666537653966656339303034313231323166663338303330663039
64316465346637303635653332373864303965643764646132646338303935636531363733623733
30353738646630663031636361306137386632303939333437373664326662316532633363333037
30643866343536623765363835393231373166313831333531613265643163663061353132653063
33643666323933653435656332633265363831366638633635623866363764336636326436626434
66383139376638303235656163353836633532393262303831383062656163343162656234373734
34353361313039316338316366396537653831333534366330313462626634393964666161666135
31663835643963653063376637633838613862373130646633363764636566383763663435626430
66653938333931626364613032663632653961396131303639623532613730633566616161356135
32666265396430356162616235363838663836623539653036323032373033666363346362623339
31666363356238613132306163646633313164353738323634326534313932613864313037313861
64383065626162626266383334303832313862313964326661376432346337333761643930616336
61376631346138386438363463626530393732643132316137393939613930356364376337663431
66633638653039663563616633336461653562343230336138633464373438396139363536623263
31633130636465376134316162666134363630393166616637616631376431633137623931313437
31303135353438616630363932383865633534616362343437396637353736666132633438376234
31383139626630323630356662623035346530643339323766653263316534656432666261376233
37386538313064633734653934396438303739346561333231346636623365653039383966343563
63373963636462646166623265353262356330343038633734323862663138306232373262333537
64383865336566383162666133303563326361306639316664646466313233303139353530666635
63353161396539363335663133633834643338376131623161663936393031393434626261666136
34326636303435633264353662383539333361353936376432323962363466363332613564633533
37643337626163653934616461326130663039616236653066383337343835363933373830643233
32656565306333306161373537316238333331303736616336316132643030323366656238636666
32623965386662353963663163306637336562616537313235333337373835363362333531313135
63633163333338623238313462366661323634666664373230656466636261393834306133643439
34376534393831323862353234356439646430653733633038663232393332306536666230336536
65343764633061336165363838343933643037636537616539373136626566336563626265393534
38613332343866623430656531613033363362316531633130303633353639663363386439663065
38643230353738336536633061323030663763663964313834316562356432333432323438633561
65323934323135363563323731346538653565363930656230343163336237393435666363656664
63666636666634346665336436353062653832383362383561656363613761643465366135646532
63623930396361353662393463303063373832653461626232366265666564383362636365386365
62323462386561373864636437396164623862623338636466313031333633353161323536663937
30623462366133656539613564313364313638666431316165623934376234653835623836616366
36363030376533396133346334663663646231363037666136383434323135643366313830366662
36316336646437346561373730373433353664396437343235663766663439363333343462623232
65393163313834376563336561346639383335636465313530326536393239363065626664353862
37353032353333313831616130376137346562316336346638626532396133333030636536346239
37636364356165313632396238336639353536376138636230663632623936363461343065633732
31373665323261383262323538633938313761333265663262313835653130636131373934666665
35613166346261613761613432633236333133313438343437623262376635346231306539653864
36633739636633613038366564623234383934326163613434616136633864653438356366666535
32326433323730613134666262333466646330393438313130353538373564633933316334313832
34663439353734333066633233643432393762353730666466393866333630626566343139336365
62623232363135306135393738666436613461333764393262326630363761623838333935613762
36643163323035653062336166663338373330383062636434396536666432383834336331366163
37653661356566623865376562646562336639303162353066666338633533313838613930396666
38353137306662363161623766333466366131653131636266303231346138396337643561353636
32396538303233336163636238613936323339363362643161343161346239616466616162343634
66306638333063383438346661343838386365333131633664363537306633393939653032623630
63613136303137653638393433303761323839323362383636643339313866626439396236353231
33666634373762336635373838356434643462616537396233393530613834333732303638323962
62373163373530613566333436306666303538336566316135636264323463663031343939366361
62356530613230613666353961653964323130653263383439316330636364656161626162633032
64653030613930643162323162663066313064373534383433313662343733633830353531353164
64373866306436323466383239663636393731323361373232643535613564383134313138653161
66613764326163616265373232363663343631386632373663373335346234623430396463316438
36613737323538373662666331323666666136613663653039393038663763336635336136633037
31353261336431613363633738623861623066303063643632363862326532663732396335323935
66613031653635663439613762633266386365383339626565623439303934353764343831346437
65653134623937353161666633393335643135656662326464393136646465636330353430663131
36636130653439366437353065363362343336343262636662373161646134316436346362376434
65636365646634373663383334363336356632303939303532356664633030333365303166326662
34346532393061666238383530346131666631313466303338663732336333393930373562353537
66633335326462396561333836613964303039646136623933626131333564326564646334623439
37313933646563363634613730626165346533303262336534363435373934653438633032363737
35616330353537356236313838313465323536633134373136316166663736653062316338643934
37633034343964653264303935626236303866393763633963653864343435343736316632623864
30323665623664663435646163646565353030316564313337326234353964366632656666373837
38346662613063383139333831356430623866393263356331623466356436643335313838656437
66663736323963616439643136323966643930306636363033306631623563646534633334396638
32353861656166616432393564343831656663663933396636626534346664333630383063336438
31336166353139323133646636366566333761313235366238363230663565376165346466326534
66633932343433353431636230636465333332353333303838663965376566616532346364653563
35333534616135636132393830666630616666393161653064636339393362303166373366393039
62383139353339373030363530643631393937616633316232633366663334376461653035393362
65363132303038303564323536396232363132653537383265306635313461373964396466386130
35356262396537353861393036643261616631383732636233313635343164613866343331613665
393434396434353231613039386533653764
